419364	1120
305518	715
404854	647
347777	626
310666	496
630658	489
818818	469
305305	466
917500	464
305988	448
916225	446
347977	445
818913	435
347444	430
786399	427
347300	423
305244	419
347666	417
717821	415
305300	413
305316	413
347447	412
305497	407
305896	407
786357	400
347885	398
347500	397
818300	397
305833	397
305915	395
305333	393
305927	392
786720	392
305924	391
305905	390
786486	389
305399	388
215984	388
818800	387
310980	386
954394	386
916595	384
305733	384
786366	382
786616	382
347543	381
347400	381
786443	375
208444	375
305336	375
786395	373
818858	373
818747	372
786344	371
305934	370
305343	368
347634	367
786447	367
305713	366
786380	366
215935	365
310359	363
305778	363
786683	362
305450	362
954709	362
786370	361
240423	360
718300	360
305766	360
310866	360
786333	360
240481	358
305799	358
541417	358
240505	358
786355	357
786553	356
347755	355
786306	355
786663	355
305609	355
619764	354
305878	354
786444	354
818915	354
305632	353
786340	352
305922	352
305303	351
305798	351
305505	350
786554	350
571276	350
305608	350
305904	350
503380	350
786223	350
305801	348
305965	348
305310	347
718200	347
310430	344
786426	344
347873	343
786560	343
305775	343
213500	342
305409	342
305877	342
646474	342
347981	341
347681	341
818445	340
917400	340
347737	340
757792	339
347552	339
305542	339
347600	338
786277	338
561305	338
305206	338
305776	338
818919	338
347567	337
786343	337
786973	337
786286	337
305496	336
305763	336
786499	336
786281	336
786448	335
305803	335
503481	335
786317	334
347536	334
786873	334
305926	334
305773	333
818943	333
347283	333
305588	332
305903	332
786768	332
786547	332
786488	332
786564	332
786597	332
305339	331
786260	331
786556	331
954274	331
305318	331
562563	330
347279	330
786252	330
347278	330
718427	330
786678	329
305332	329
786970	329
407334	328
818987	328
305331	328
305781	328
313612	328
305527	327
347659	327
347791	327
347481	327
347210	326
718314	326
347653	326
954297	326
305972	326
760395	325
305790	325
786925	325
786325	325
407860	325
929327	324
310993	324
347553	324
305879	324
949394	323
305613	323
305345	323
503267	323
415694	323
786608	323
786587	323
347357	323
305335	323
310880	323
818966	322
407535	322
818331	321
305834	321
305989	321
212470	321
929899	321
305484	321
718844	321
786909	321
786521	320
786241	320
347988	320
305979	320
310498	320
305951	320
786603	319
786718	319
786451	319
310779	319
305898	319
786328	319
305302	319
347720	319
310869	319
786326	318
305725	318
305815	318
718288	318
786200	318
786626	318
310990	318
917971	317
305794	317
310770	317
786285	317
929245	316
646466	316
786942	316
786262	316
646377	316
346507	316
786290	316
786381	315
813942	315
347355	315
347608	315
305796	315
360804	315
347337	315
929422	314
929969	314
786826	314
714930	314
347605	313
929629	313
201873	313
347636	313
347909	312
747306	312
407485	312
786389	312
347925	312
310801	311
201993	311
407300	311
917600	311
347499	310
929909	310
305975	310
551358	310
786307	310
305321	310
929888	310
916743	310
786543	310
619277	309
786712	309
786760	309
786234	309
305890	309
786303	309
305793	309
917975	309
305338	309
305469	308
305562	308
786302	308
347884	308
347837	307
786253	307
718496	307
305986	307
718207	307
347898	307
310210	307
949295	307
201936	307
786247	306
718864	306
786797	306
718490	306
347691	306
310871	305
443592	305
347707	305
305842	305
305586	305
786222	305
929355	304
954638	304
347922	304
786609	304
786715	304
305606	303
347476	303
786546	303
954822	303
646244	303
786246	302
818744	302
786992	302
551556	302
305431	302
347615	302
786282	302
347972	302
818388	302
929217	302
954536	301
347781	301
786498	301
786201	301
954470	301
786203	301
754366	301
917588	301
954865	301
305746	300
424977	300
929363	300
240476	300
310593	300
503317	300
415999	300
347863	300
201737	300
305498	300
786660	300
305301	299
305812	299
954993	299
786771	299
305308	299
646541	299
949400	298
786346	298
646644	298
818434	298
305772	297
561929	297
786301	297
305720	297
347740	297
310926	297
786266	297
929471	297
305495	297
305494	297
347319	297
786620	296
917744	296
813770	296
908764	296
786630	296
818585	296
786803	296
786402	296
347888	296
310717	296
305299	296
407437	295
818397	295
347701	295
718415	295
321746	295
310890	295
646703	295
323304	295
949910	295
202460	295
347301	295
310600	295
347445	295
929393	295
786537	295
786312	295
954330	294
917755	294
734290	294
786356	294
857237	294
310849	294
954937	294
305970	294
786400	294
305216	294
786316	293
786449	293
215250	293
954997	293
818669	292
305804	292
347303	292
786859	292
786424	292
305510	292
305910	292
786740	291
206671	291
201724	291
201736	291
305747	291
754244	291
305342	291
347217	291
786352	291
818640	290
786354	290
786569	290
305491	290
818288	290
305992	290
347259	290
202413	290
786930	289
305748	289
347656	289
305219	289
347968	289
786710	289
786599	289
786817	289
786327	289
786403	289
347530	289
415737	289
310994	289
347459	288
347393	288
305354	288
305546	288
949310	288
718600	288
571275	288
917292	288
646363	288
818636	288
407486	288
786458	288
786308	288
818284	288
954600	288
305587	288
305984	287
310467	287
617230	287
305582	287
917340	287
347513	287
949690	287
305761	287
503358	286
206446	286
917774	286
347320	286
347575	286
407285	286
305457	286
818571	286
213300	286
347517	286
347593	286
646515	286
786238	286
347969	285
818720	285
786368	285
305334	285
818448	285
786256	285
786612	285
917615	285
786985	285
954479	285
347992	285
503422	284
347613	284
347612	284
407818	284
949228	284
646479	284
347784	284
786877	283
706982	283
954701	283
818522	283
347933	283
954305	283
786879	283
717926	283
347596	283
347822	283
786523	283
347806	283
310922	283
423654	283
407873	283
917754	283
305467	283
510383	283
321440	283
786202	283
347249	282
917530	282
954696	282
908422	282
321946	282
304717	282
619714	282
305439	282
347479	282
305490	282
571277	281
929233	281
786239	281
347260	281
305753	281
571278	281
646645	281
786487	281
917940	280
347420	280
954588	280
503381	280
929444	280
786479	280
347951	279
305298	279
347336	279
407729	279
347833	279
305785	279
561541	279
310435	279
201920	279
786351	278
786210	278
818355	278
786525	278
786557	278
202390	278
347458	278
347264	278
347216	278
202361	278
786602	278
503332	278
347698	277
747257	277
407973	277
916420	277
786867	277
347261	277
786208	277
305607	277
754246	277
347322	277
407272	277
305322	276
646399	276
786853	276
786606	276
267423	276
818404	276
818606	276
706978	276
305458	276
818339	276
917603	276
305930	275
786818	275
240421	275
646420	275
305323	275
908906	275
408505	275
305297	275
786473	275
773865	275
818281	275
929331	275
650283	275
786227	275
718877	275
973444	274
786956	274
786754	274
305987	274
818726	274
818415	274
954673	274
786614	274
917771	274
310739	274
646436	274
503449	274
540475	274
954608	273
347824	273
347935	273
818515	273
206412	273
347484	273
310927	273
786237	273
323620	273
407520	273
347938	273
718916	272
310920	272
786280	272
818209	272
407922	272
917355	272
754234	272
917757	272
949350	272
801205	272
917854	272
347339	271
786339	271
954663	271
718790	271
786296	271
503309	271
908404	271
202468	271
347583	270
786484	270
786863	270
347845	270
786506	270
732763	270
310614	270
916477	270
818357	270
425350	270
954907	270
954864	269
954559	269
754422	269
973563	269
347930	269
786694	269
954225	269
786445	269
786856	269
305850	269
347858	269
929340	269
773332	268
917403	268
786857	268
949302	268
571274	268
425737	268
818213	268
718755	268
347488	268
646431	268
786617	268
978885	268
954793	268
754232	267
347549	267
818620	267
929301	267
561674	267
305205	267
908405	267
310709	267
786975	267
305783	267
310497	267
786716	267
424333	267
201878	267
754423	266
305742	266
619723	266
786390	266
786532	266
407953	266
954629	266
857258	266
503330	266
754610	266
786764	266
917833	266
954655	266
305282	266
617669	266
786419	266
310721	265
612707	265
347330	265
347369	265
310936	265
718915	265
718801	264
786832	264
347680	264
305684	264
301675	264
917930	264
949351	264
347299	264
201952	264
408306	264
360909	264
954444	264
201647	264
916410	264
732688	264
818414	264
646577	264
561577	263
857247	263
213309	263
929253	263
347358	263
305788	263
561201	263
973666	263
253886	263
347255	263
347206	263
818292	262
949331	262
786641	262
518739	262
612226	262
786538	262
347403	262
347272	262
240615	262
646270	262
201640	262
818731	262
786868	262
305528	262
954552	262
786805	262
916969	262
248315	261
201951	261
310699	261
407968	261
206372	261
929461	261
571244	261
323350	261
917916	261
786830	261
201598	261
786212	261
929216	261
407800	261
917859	260
310963	260
305213	260
818749	260
202569	260
561255	260
916220	260
917497	260
917520	260
503313	260
786365	260
917770	260
347304	260
786299	260
773766	260
754971	260
407433	260
305215	260
201362	259
786295	259
818395	259
347323	259
818822	259
323899	259
973336	259
949466	259
305610	259
310592	259
954708	259
347247	259
240899	259
718757	259
503209	259
347866	259
503421	258
407692	258
646409	258
407408	258
773807	258
917972	258
347761	258
917543	258
929527	258
818633	258
267333	258
917957	258
310962	258
425773	258
202352	258
301728	258
857615	258
857251	258
818321	258
949413	258
973931	258
786493	258
818335	258
347961	257
954554	257
786709	257
617319	257
407844	257
415425	257
571332	257
305849	257
786512	257
786816	257
253632	257
305710	257
917544	257
818468	257
646730	257
786769	257
917747	257
818984	257
305978	257
732762	257
949981	257
786468	257
202415	257
305726	257
217900	256
561460	256
347744	256
646331	256
917442	256
917436	256
253334	256
954245	256
917348	256
347251	256
818274	256
818770	256
707626	256
646623	256
347446	256
786838	256
407733	256
917815	256
347302	255
732397	255
646322	255
646353	255
916507	255
747272	255
786376	255
347421	255
774386	255
561480	255
949300	255
857261	255
347208	255
347891	255
407580	255
253335	255
818324	255
845659	255
917626	255
305525	255
917499	255
305764	255
408507	255
786674	255
818422	254
718500	254
407715	254
818310	254
239200	254
917515	254
347515	254
415424	254
818272	254
347733	254
347257	254
305502	254
949232	254
907299	253
786287	253
917702	253
732910	253
646643	253
818653	253
832434	253
213509	253
917855	253
786379	253
732900	253
862291	253
347610	253
646247	253
347276	253
305780	253
408646	253
347912	253
347285	253
718909	253
818917	252
508350	252
561294	252
305522	252
408431	252
813900	252
646339	252
908590	252
201238	252
407807	252
347654	252
917331	252
954549	252
786367	252
202910	252
718710	251
818679	251
949500	251
347440	251
347622	251
312493	251
786531	251
206422	251
917370	251
440379	251
917822	251
360931	251
201925	251
347585	251
818220	251
929320	251
917669	251
858405	251
201888	251
347258	251
917533	250
786229	250
954226	250
786757	250
786397	250
201889	250
305619	250
347335	250
646853	250
646508	250
310463	250
954558	250
347975	249
310488	249
954854	249
818795	249
203550	249
786387	249
646573	249
916412	249
954471	249
240413	249
917514	249
917545	249
929404	249
321310	249
786461	249
718213	249
818481	248
786334	248
267205	248
347856	248
786304	248
929330	248
